id volume peso recompensa duração(s)
800 13 22 590 660
810 29 16 1051 169
834 16 13 707 359
844 19 25 854 790
833 6 3 1347 609
864 29 20 1991 704
809 25 19 1889 468
850 3 13 472 300
859 7 13 898 325
811 19 3 762 269
870 16 19 1193 338
863 7 23 1303 229
812 25 16 620 1002
801 19 19 1437 576
887 29 20 1160 237
842 19 19 873 118
843 6 19 1591 138
851 3 10 579 103
814 19 25 1263 748
802 16 13 1718 114
832 3 20 1263 905
890 22 13 293 191
852 3 19 600 422
813 7 26 634 751
871 3 9 1558 1056
840 26 26 1790 648
895 26 20 971 308
803 13 9 820 552
841 16 10 1508 454
816 23 26 1520 942
858 22 13 667 765
830 19 22 1719 159
839 3 13 633 583
884 22 16 1819 768
885 26 22 1487 269
815 20 10 1663 207
853 25 6 647 415
829 16 6 755 874
862 16 10 1309 888
831 9 19 1281 241
896 22 16 644 313
872 10 3 547 766
817 23 20 437 996
808 9 22 452 901
838 19 13 1537 614
827 13 26 1253 542
883 25 19 1753 524
854 6 10 1572 528
818 10 26 1229 237
861 13 25 1467 1058
828 13 26 1073 1066
855 10 10 1285 483
804 9 19 775 997
874 19 16 1489 751
819 19 19 1990 106
826 29 26 1522 215
836 16 3 704 1025
882 16 16 878 697
824 13 29 626 332
875 28 6 1208 309
805 19 19 1956 207
820 7 29 598 161
880 19 3 522 1009
825 26 26 1261 1009
807 22 25 224 467
879 10 10 553 631
823 13 16 1894 625
837 3 16 753 124
806 29 16 1369 817
877 20 23 1325 338
856 13 25 1026 365
835 19 6 1108 1031
860 13 13 1710 800
822 16 16 287 918
821 19 26 836 356
