id volume peso recompensa duração(s)
499 6 26 1143 180
410 16 26 1789 1077
451 16 19 1873 697
424 26 19 244 1055
465 23 13 206 128
411 3 16 220 351
455 6 6 631 145
400 10 3 1641 417
442 9 13 211 1039
412 26 16 1296 524
423 16 29 1593 882
468 25 16 1200 591
479 6 16 1023 132
438 13 10 1614 331
469 3 19 952 540
456 22 13 226 631
441 20 10 1569 720
401 22 25 1227 810
435 10 19 1278 267
408 23 29 1789 900
471 25 25 371 509
425 22 22 930 324
337 13 29 1255 923
414 9 25 1529 1008
422 22 16 1598 841
464 20 26 1863 104
409 19 22 1804 622
473 6 13 1201 715
457 20 7 386 964
474 25 22 1331 509
413 16 19 234 1001
432 10 13 419 950
450 25 28 1521 284
407 13 3 203 818
495 3 13 1502 270
498 28 16 827 999
477 29 29 969 833
416 3 20 1434 362
434 13 3 455 292
493 16 13 1477 513
421 26 20 1645 318
497 13 25 550 100
494 16 13 671 726
443 23 26 1594 1052
426 13 6 223 597
406 26 10 574 593
431 16 23 746 416
415 3 19 1928 713
462 16 10 396 514
447 7 23 907 152
402 3 13 685 443
491 22 19 1628 332
489 20 23 1236 246
405 16 29 1002 441
476 29 23 1148 789
458 22 6 683 553
430 10 6 542 430
444 23 29 957 387
420 16 16 706 408
427 19 22 1897 986
475 13 13 967 355
417 25 13 546 1056
459 19 13 1875 107
492 29 10 1657 287
485 26 22 1165 1100
404 23 16 1936 498
461 13 6 490 406
460 10 29 1194 399
445 23 23 881 353
428 19 6 1813 756
418 6 3 1176 551
480 13 13 1679 146
403 28 6 707 517
419 26 16 1303 358
446 10 23 1205 1088
