id volume peso recompensa duração(s)
901 25 6 216 182
916 29 29 763 971
909 23 20 1536 804
922 22 19 783 277
926 16 6 1332 642
907 7 3 1823 958
941 28 6 1065 121
949 16 10 1081 1064
915 7 20 1880 705
933 16 28 1821 660
942 26 6 1627 732
958 13 10 483 694
902 25 28 221 802
967 26 26 496 520
921 13 20 1925 840
968 6 28 1820 271
959 29 29 1019 326
906 26 26 716 445
972 25 28 521 989
985 19 13 1784 152
934 16 20 816 1079
914 25 28 1909 396
982 10 10 588 654
937 26 29 1233 434
940 19 6 1204 453
980 13 3 466 937
905 7 20 412 756
950 19 9 1059 580
989 22 3 480 1037
935 13 10 738 190
999 9 22 909 192
923 16 22 1579 619
995 16 29 1694 404
948 26 7 738 375
969 6 22 794 783
956 22 3 338 357
913 10 26 410 192
973 19 22 735 193
960 19 13 1688 640
927 29 26 719 600
977 6 3 615 970
932 22 19 287 752
991 16 29 1739 656
943 16 29 533 935
990 9 6 748 381
978 22 13 709 953
951 3 3 575 287
961 28 9 1185 918
974 6 19 486 789
944 16 13 654 720
970 3 22 1662 201
904 16 3 262 658
931 3 10 1475 786
979 20 13 1054 815
928 6 19 996 631
975 19 22 691 728
976 20 23 204 293
910 9 9 427 447
971 19 13 884 455
918 3 10 1791 520
924 19 13 1040 651
945 6 22 666 504
903 10 13 1315 328
920 13 6 1987 926
946 7 3 1607 273
954 13 9 1857 1017
938 19 29 1523 353
925 10 26 1843 187
962 6 6 442 900
911 19 10 1820 348
930 7 10 801 919
939 3 22 1768 195
919 3 16 1105 256
912 16 3 836 819
947 6 19 1185 822
