id volume peso recompensa duração(s)
1109 22 22 626 1048
1107 13 10 629 410
1165 29 16 1442 123
1177 19 16 1319 385
1103 19 16 1012 845
1199 20 16 1200 991
1143 25 22 580 176
1123 19 6 324 237
1176 10 13 414 478
1126 28 6 1953 299
1134 16 29 1142 878
1133 13 3 690 686
1166 19 28 213 755
1122 22 29 1448 487
1112 26 7 618 442
1155 19 28 512 778
1100 6 13 1713 686
1191 3 13 1313 1080
1142 16 16 1633 195
1101 6 29 834 900
1193 20 3 1785 160
1157 16 28 935 528
1153 16 29 1083 521
1171 7 7 828 643
1173 28 6 1636 436
1141 3 19 901 980
1152 20 16 823 524
1161 9 6 1467 681
1181 3 13 355 737
1113 20 23 1551 986
1190 22 28 1717 549
1195 29 10 243 775
1159 13 23 916 1026
1162 19 3 638 618
1194 10 22 1694 969
1147 13 26 1639 927
1169 19 3 1547 279
1192 13 6 1062 195
1183 20 7 894 300
1148 3 13 1306 202
1189 16 3 227 464
1130 13 20 1951 729
1129 13 6 1699 1020
1111 22 19 470 470
1196 13 23 560 244
1185 25 22 861 590
1116 19 22 1440 777
1125 23 23 1366 481
1182 28 19 1240 826
1151 26 6 774 314
1128 23 7 936 609
1197 19 16 1351 615
1172 19 26 309 271
1120 7 10 1630 963
1198 22 22 265 766
1117 29 19 1268 1095
1118 23 29 1232 389
1184 28 16 327 1010
1106 22 3 1565 763
1115 13 16 1785 297
1108 13 6 580 558
1174 22 29 1500 828
1105 7 16 764 617
1188 28 25 952 377
1114 10 19 709 692
1186 20 13 636 446
1104 16 3 1518 1053
1179 10 6 1747 577
1121 23 3 1396 143
1119 25 22 471 448
1110 26 22 1513 447
1101 3 3 699 786
1187 3 13 530 916
1178 6 10 465 900
1102 3 13 751 234