id volume peso recompensa duração(s)
200 13 22 590 660
210 29 16 1051 169
234 16 13 707 359
244 19 25 854 790
233 6 3 1347 609
264 29 20 1991 704
209 25 19 1889 468
250 3 13 472 300
259 7 13 898 325
211 19 3 762 269
270 16 19 1193 338
263 7 23 1303 229
212 25 16 620 1002
201 19 19 1437 576
287 29 20 1160 237
242 19 19 873 118
243 6 19 1591 138
251 3 10 579 103
214 19 25 1263 748
202 16 13 1718 114
232 3 20 1263 905
290 22 13 293 191
252 3 19 600 422
213 7 26 634 751
271 3 9 1558 1056
240 26 26 1790 648
295 26 20 971 308
203 13 9 820 552
241 16 10 1508 454
216 23 26 1520 942
258 22 13 667 765
230 19 22 1719 159
239 3 13 633 583
284 22 16 1819 768
285 26 22 1487 269
215 20 10 1663 207
253 25 6 647 415
229 16 6 755 874
262 16 10 1309 888
231 9 19 1281 241
296 22 16 644 313
272 10 3 547 766
217 23 20 437 996
208 9 22 452 901
238 19 13 1537 614
227 13 26 1253 542
283 25 19 1753 524
254 6 10 1572 528
218 10 26 1229 237
261 13 25 1467 1058
228 13 26 1073 1066
255 10 10 1285 483
204 9 19 775 997
274 19 16 1489 751
219 19 19 1990 106
226 29 26 1522 215
236 16 3 704 1025
282 16 16 878 697
224 13 29 626 332
275 28 6 1208 309
205 19 19 1956 207
220 7 29 598 161
280 19 3 522 1009
225 26 26 1261 1009
207 22 25 224 467
279 10 10 553 631
223 13 16 1894 625
237 3 16 753 124
206 29 16 1369 817
277 20 23 1325 338
256 13 25 1026 365
235 19 6 1108 1031
260 13 13 1710 800
222 16 16 287 918
221 19 26 836 356