id volume peso recompensa duração(s)
709 22 22 626 1048
707 13 10 629 410
765 29 16 1442 123
777 19 16 1319 385
703 19 16 1012 845
799 20 16 1200 991
743 25 22 580 176
723 19 6 324 237
776 10 13 414 478
726 28 6 1953 299
734 16 29 1142 878
733 13 3 690 686
766 19 28 213 755
722 22 29 1448 487
712 26 7 618 442
755 19 28 512 778
700 6 13 1713 686
791 3 13 1313 1080
742 16 16 1633 195
701 6 29 834 900
793 20 3 1785 160
757 16 28 935 528
753 16 29 1083 521
771 7 7 828 643
773 28 6 1636 436
741 3 19 901 980
752 20 16 823 524
761 9 6 1467 681
781 3 13 355 737
713 20 23 1551 986
790 22 28 1717 549
795 29 10 243 775
759 13 23 916 1026
762 19 3 638 618
794 10 22 1694 969
747 13 26 1639 927
769 19 3 1547 279
792 13 6 1062 195
783 20 7 894 300
748 3 13 1306 202
789 16 3 227 464
730 13 20 1951 729
729 13 6 1699 1020
711 22 19 470 470
796 13 23 560 244
785 25 22 861 590
716 19 22 1440 777
725 23 23 1366 481
782 28 19 1240 826
751 26 6 774 314
728 23 7 936 609
797 19 16 1351 615
772 19 26 309 271
720 7 10 1630 963
798 22 22 265 766
717 29 19 1268 1095
718 23 29 1232 389
784 28 16 327 1010
706 22 3 1565 763
715 13 16 1785 297
708 13 6 580 558
774 22 29 1500 828
705 7 16 764 617
788 28 25 952 377
714 10 19 709 692
786 20 13 636 446
704 16 3 1518 1053
779 10 6 1747 577
721 23 3 1396 143
719 25 22 471 448
710 26 22 1513 447
701 3 3 699 786
787 3 13 530 916
778 6 10 465 900
702 3 13 751 234
