id volMax pesoMax custo
008 391 395 13796
041 325 316 13378
046 255 275 13025
037 343 277 15226
052 344 306 14015
018 365 259 16982
040 288 346 13476
036 382 304 14967
068 256 289 14860
029 265 274 14952
072 287 342 15977
005 393 377 16543
051 366 375 15556
035 259 354 13356
044 365 301 13406
016 394 379 13241
065 281 287 14581
089 262 384 15363
080 397 321 13931
094 268 346 14777
026 296 271 13742
090 394 351 15473
097 336 345 14342
081 292 316 16581
099 398 378 15048
001 368 308 16575
096 355 322 13718
025 285 258 13044
092 292 289 14548
091 335 265 15168
071 277 399 14862
084 259 310 16154
013 278 386 16833
095 308 371 13865
093 310 387 14105
069 258 289 14932
088 370 366 13618
004 253 386 13481
076 385 254 14819
033 395 315 16790
020 328 398 13956
042 309 377 15136
053 388 268 14521
038 262 389 15106
062 335 383 16287
050 378 272 15057
011 335 381 15531
077 376 262 16090
034 287 304 15787
070 360 331 15444