id volume peso recompensa duração(s)
109 22 22 626 1048
107 13 10 629 410
165 29 16 1442 123
177 19 16 1319 385
103 19 16 1012 845
199 20 16 1200 991
143 25 22 580 176
123 19 6 324 237
176 10 13 414 478
126 28 6 1953 299
134 16 29 1142 878
133 13 3 690 686
166 19 28 213 755
122 22 29 1448 487
112 26 7 618 442
155 19 28 512 778
100 6 13 1713 686
191 3 13 1313 1080
142 16 16 1633 195
101 6 29 834 900
193 20 3 1785 160
157 16 28 935 528
153 16 29 1083 521
171 7 7 828 643
173 28 6 1636 436
141 3 19 901 980
152 20 16 823 524
161 9 6 1467 681
181 3 13 355 737
113 20 23 1551 986
190 22 28 1717 549
195 29 10 243 775
159 13 23 916 1026
162 19 3 638 618
194 10 22 1694 969
147 13 26 1639 927
169 19 3 1547 279
192 13 6 1062 195
183 20 7 894 300
148 3 13 1306 202
189 16 3 227 464
130 13 20 1951 729
129 13 6 1699 1020
111 22 19 470 470
196 13 23 560 244
185 25 22 861 590
116 19 22 1440 777
125 23 23 1366 481
182 28 19 1240 826
151 26 6 774 314
128 23 7 936 609
197 19 16 1351 615
172 19 26 309 271
120 7 10 1630 963
198 22 22 265 766
117 29 19 1268 1095
118 23 29 1232 389
184 28 16 327 1010
106 22 3 1565 763
115 13 16 1785 297
108 13 6 580 558
174 22 29 1500 828
105 7 16 764 617
188 28 25 952 377
114 10 19 709 692
186 20 13 636 446
104 16 3 1518 1053
179 10 6 1747 577
121 23 3 1396 143
119 25 22 471 448
110 26 22 1513 447
101 3 3 699 786
187 3 13 530 916
178 6 10 465 900
102 3 13 751 234





