volume peso recompensa duração(s)
6 26 1143 180
16 26 1789 1077
16 19 1873 697
26 19 244 1055
23 13 206 128
3 16 220 351
6 6 631 145
10 3 1641 417
9 13 211 1039
26 16 1296 524
16 29 1593 882
25 16 1200 591
6 16 1023 132
13 10 1614 331
3 19 952 540
22 13 226 631
20 10 1569 720
22 25 1227 810
10 19 1278 267
23 29 1789 900
25 25 371 509
22 22 930 324
13 29 1255 923
9 25 1529 1008
22 16 1598 841
20 26 1863 104
19 22 1804 622
6 13 1201 715
20 7 386 964
25 22 1331 509
16 19 234 1001
10 13 419 950
25 28 1521 284
13 3 203 818
3 13 1502 270
28 16 827 999
29 29 969 833
3 20 1434 362
13 3 455 292
16 13 1477 513
26 20 1645 318
13 25 550 100
16 13 671 726
23 26 1594 1052
13 6 223 597
26 10 574 593
16 23 746 416
3 19 1928 713
16 10 396 514
7 23 907 152
3 13 685 443
22 19 1628 332
20 23 1236 246
16 29 1002 441
29 23 1148 789
22 6 683 553
10 6 542 430
23 29 957 387
16 16 706 408
19 22 1897 986
13 13 967 355
25 13 546 1056
19 13 1875 107
29 10 1657 287
26 22 1165 1100
23 16 1936 498
13 6 490 406
10 29 1194 399
23 23 881 353
19 6 1813 756
6 3 1176 551
13 13 1679 146
28 6 707 517
26 16 1303 358
10 23 1205 1088
