id volume peso recompensa duração(s)
653 29 20 1704 502
671 19 3 1814 369
662 19 3 784 755
697 10 29 1488 1094
647 28 19 828 888
680 16 6 1188 697
633 13 23 1714 347
689 13 3 699 1056
654 26 19 1397 1043
663 7 7 501 800
679 9 13 1442 168
672 19 6 217 732
636 10 16 1202 634
696 19 25 305 782
624 26 6 1156 1073
648 29 13 1014 130
623 6 19 1243 977
687 3 22 940 937
632 7 29 743 826
683 16 28 875 1094
625 10 29 676 526
677 23 26 1913 600
698 16 6 1907 397
649 10 13 347 187
664 7 16 789 650
655 9 25 849 1008
637 6 22 597 540
690 3 23 571 632
605 13 16 1838 354
673 26 22 1065 616
610 7 13 734 917
626 19 3 1982 619
695 19 22 1260 355
611 10 29 1065 111
631 28 22 330 563
669 10 6 1765 970
656 3 10 984 463
600 6 16 618 1039
638 3 3 355 869
691 7 10 1672 419
617 22 28 1002 795
650 26 26 1170 838
651 7 20 1577 1043
601 22 19 602 291
645 6 6 779 122
694 26 29 267 777
658 19 28 486 840
630 16 3 279 744
676 7 26 1257 632
665 22 9 1805 279
686 6 16 647 872
639 20 20 418 893
668 19 9 1897 881
634 22 22 318 898
699 29 16 584 203
627 16 22 491 581
644 16 3 477 194
674 29 20 1972 641
6089 16 814 281
659 13 6 1475 889
641 7 20 1241 674
685 16 28 1863 653
614 22 10 1233 546
667 20 13 848 198
629 7 13 1210 414
693 6 19 406 430
661 16 16 772 229
635 3 23 697 699
643 19 22 1200 449
684 13 10 606 592
660 23 7 983 372
675 22 28 347 1058
692 16 16 527 1100
666 23 20 1786 1041
652 6 6 1058 294
