volume peso recompensa duração(s)
13 22 590 660
29 16 1051 169
16 13 707 359
19 25 854 790
6 3 1347 609
29 20 1991 704
25 19 1889 468
3 13 472 300
7 13 898 325
19 3 762 269
16 19 1193 338
7 23 1303 229
25 16 620 1002
19 19 1437 576
29 20 1160 237
19 19 873 118
6 19 1591 138
3 10 579 103
19 25 1263 748
16 13 1718 114
3 20 1263 905
22 13 293 191
3 19 600 422
7 26 634 751
3 9 1558 1056
26 26 1790 648
26 20 971 308
13 9 820 552
16 10 1508 454
23 26 1520 942
22 13 667 765
19 22 1719 159
3 13 633 583
22 16 1819 768
26 22 1487 269
20 10 1663 207
25 6 647 415
16 6 755 874
16 10 1309 888
9 19 1281 241
22 16 644 313
10 3 547 766
23 20 437 996
9 22 452 901
19 13 1537 614
13 26 1253 542
25 19 1753 524
6 10 1572 528
10 26 1229 237
13 25 1467 1058
13 26 1073 1066
10 10 1285 483
9 19 775 997
19 16 1489 751
19 19 1990 106
29 26 1522 215
16 3 704 1025
16 16 878 697
13 29 626 332
28 6 1208 309
19 19 1956 207
7 29 598 161
19 3 522 1009
26 26 1261 1009
22 25 224 467
10 10 553 631
13 16 1894 625
3 16 753 124
29 16 1369 817
20 23 1325 338
13 25 1026 365
19 6 1108 1031
13 13 1710 800
16 16 287 918
19 26 836 356