volume peso recompensa duração(s)
25 6 216 182
29 29 763 971
23 20 1536 804
22 19 783 277
16 6 1332 642
7 3 1823 958
28 6 1065 121
16 10 1081 1064
7 20 1880 705
16 28 1821 660
26 6 1627 732
13 10 483 694
25 28 221 802
26 26 496 520
13 20 1925 840
6 28 1820 271
29 29 1019 326
26 26 716 445
25 28 521 989
19 13 1784 152
16 20 816 1079
25 28 1909 396
10 10 588 654
26 29 1233 434
19 6 1204 453
13 3 466 937
7 20 412 756
19 9 1059 580
22 3 480 1037
13 10 738 190
9 22 909 192
16 22 1579 619
16 29 1694 404
26 7 738 375
6 22 794 783
22 3 338 357
10 26 410 192
19 22 735 193
19 13 1688 640
29 26 719 600
6 3 615 970
22 19 287 752
16 29 1739 656
16 29 533 935
9 6 748 381
22 13 709 953
3 3 575 287
28 9 1185 918
6 19 486 789
16 13 654 720
3 22 1662 201
16 3 262 658
3 10 1475 786
20 13 1054 815
6 19 996 631
19 22 691 728
20 23 204 293
9 9 427 447
19 13 884 455
3 10 1791 520
19 13 1040 651
6 22 666 504
10 13 1315 328
13 6 1987 926
7 3 1607 273
13 9 1857 1017
19 29 1523 353
10 26 1843 187
6 6 442 900
19 10 1820 348
7 10 801 919
3 22 1768 195
3 16 1105 256
16 3 836 819
6 19 1185 822
