id volume peso recompensa duração(s)
1099 6 26 1143 180
1010 16 26 1789 1077
1051 16 19 1873 697
1024 26 19 244 1055
1065 23 13 206 128
1011 3 16 220 351
1055 6 6 631 145
1000 10 3 1641 417
1042 9 13 211 1039
1012 26 16 1296 524
1023 16 29 1593 882
1068 25 16 1200 591
1079 6 16 1023 132
1038 13 10 1614 331
1069 3 19 952 540
1056 22 13 226 631
1041 20 10 1569 720
1001 22 25 1227 810
1035 10 19 1278 267
1008 23 29 1789 900
1071 25 25 371 509
1025 22 22 930 324
1037 13 29 1255 923
1014 9 25 1529 1008
1022 22 16 1598 841
1064 20 26 1863 104
1009 19 22 1804 622
1073 6 13 1201 715
1057 20 7 386 964
1074 25 22 1331 509
1013 16 19 234 1001
1032 10 13 419 950
1050 25 28 1521 284
1007 13 3 203 818
1095 3 13 1502 270
1098 28 16 827 999
1077 29 29 969 833
1016 3 20 1434 362
1034 13 3 455 292
1093 16 13 1477 513
1021 26 20 1645 318
1097 13 25 550 100
1094 16 13 671 726
1043 23 26 1594 1052
1026 13 6 223 597
1006 26 10 574 593
1031 16 23 746 416
1015 3 19 1928 713
1062 16 10 396 514
1047 7 23 907 152
1002 3 13 685 443
1091 22 19 1628 332
1089 20 23 1236 246
1005 16 29 1002 441
1076 29 23 1148 789
1058 22 6 683 553
1030 10 6 542 430
1044 23 29 957 387
1020 16 16 706 408
1027 19 22 1897 986
1075 13 13 967 355
1017 25 13 546 1056
1059 19 13 1875 107
1092 29 10 1657 287
1085 26 22 1165 1100
1004 23 16 1936 498
1061 13 6 490 406
1060 10 29 1194 399
1045 23 23 881 353
1028 19 6 1813 756
1018 6 3 1176 551
1080 13 13 1679 146
1003 28 6 707 517
1019 26 16 1303 358
1046 10 23 1205 1088


