id volume peso recompensa duração(s)
579 3 19 754 984
589 16 13 1121 641
562 25 28 1370 535
550 6 26 1991 318
588 16 26 1590 728
580 19 28 946 1021
572 19 16 1967 865
534 16 13 367 703
595 3 19 585 827
568 13 29 1511 325
551 23 16 868 608
581 25 13 1251 384
563 26 22 1628 925
590 20 13 1542 128
536 9 9 1137 1019
560 6 26 1291 1035
594 3 23 1410 1028
569 3 19 1432 1051
549 22 16 982 229
582 3 20 1645 316
573 13 3 621 723
533 10 3 1886 632
552 26 16 403 402
596 3 16 501 692
553 3 13 1907 307
501 23 16 1918 1042
570 25 28 724 816
537 6 6 564 1017
548 13 26 396 664
583 26 22 1348 605
520 3 7 1565 226
508 10 10 1856 576
574 7 26 1166 552
532 25 6 653 107
531 6 3 453 537
564 22 16 1175 863
518 29 10 1463 145
597 3 13 1889 538
502 6 29 1800 116
565 7 7 1524 189
538 19 13 1904 276
530 6 29 1859 261
584 3 3 715 977
526 13 13 1714 399
567 22 10 1079 154
519 13 29 719 531
593 3 16 1456 192
539 13 3 795 302
557 13 13 1008 398
575 22 13 1897 272
527 29 22 561 236
541 29 26 1724 482
504 19 25 844 478
598 22 3 1492 283
511 29 10 483 1038
556 23 23 1382 991
576 22 25 914 337
542 6 22 562 614
528 3 16 1796 762
529 6 6 1445 1014
515 26 13 1295 104
599 10 7 1801 301
547 3 13 1210 892
524 16 29 1883 380
566 22 9 1509 598
544 6 10 713 921
555 20 16 851 446
587 25 13 609 1070
543 22 10 1848 196
578 3 16 1391 846
592 28 22 1166 491
554 26 29 610 917
577 16 29 1730 638
591 6 6 1921 197
586 3 3 1563 535
